4:XCP								
0	0.2	0.5	0.8	1.2	1.5	2	2.5	3	3.5
0	9.75	9.84	10.09	9.64	8.59	7.83	7.47	7.25	6.99
2	10.04	10.06	10.15	8.71	7.84	7.25	7.12	7.18	7.29
5	10.51	10.45	9.73	8.54	8.39	7.94	7.79	7.72	7.49
10	10.29	10.19	9.2	8.39	8.32	7.93	7.67	7.31	7.02
15	9.98	10.19	7.59	8.02	8.16	7.79	7.49	7.39	7.18
20	0.73	9.59	6.11	7.55	7.83	7.82	7.58	7.54	7.43
25	9.55	9.75	5.26	7.14	7.74	7.96	7.71	7.66	7.6
30	9.41	9.59	5.04	6.84	7.81	8.06	7.83	7.78	7.7
35	9.48	9.64	6.27	7.24	8.24	8.3	8.09	8.06	7.9
40	9.72	9.52	6.32	8.03	8.32	8.28	8.08	8.09	8.07