3:CN								
0	0.2	0.5	0.8	1.2	1.5	2	2.5	3	3.5
0	0	0	0	0	0	0	0	0	0
2	0.67	0.69	0.69	0.62	0.53	0.5	0.44	0.39	0.35
5	2.5	2.43	1.75	1.69	1.42	1.34	1.11	0.99	0.89
10	5.67	5.47	3.14	3.49	3.14	3.07	2.57	2.18	1.98
15	8.79	8.06	3.65	5.65	5.36	5.06	4.23	3.9	3.41
20	12.19	11.08	4.29	8.25	7.83	7.82	6.31	5.89	5.3
25	15.84	14.33	5.39	10.71	11.05	10.75	8.64	8.05	7.54
30	19.76	17.87	7.09	13.62	14.77	13.99	11.14	10.52	10.08
35	25.15	22.98	10.62	18.48	20.01	18.68	14.69	14.18	13.46
40	26	26.46	13.03	25.67	23.66	22.36	17.64	17.21	16.83