           1 :CA(ON)
   MACH=    0.00    0.20    0.50    0.80    1.20    1.50    2.00    2.50    3.00    3.50
     AF=    0.00    0.27    0.28    0.32    0.68    0.55    0.46    0.40    0.35    0.32
     AF=    2.00    0.28    0.28    0.32    0.68    0.56    0.46    0.40    0.36    0.32
     AF=    5.00    0.32    0.32    0.35    0.69    0.56    0.47    0.41    0.36    0.32
     AF=   10.00    0.47    0.46    0.41    0.71    0.58    0.49    0.42    0.37    0.34
     AF=   15.00    0.67    0.65    0.41    0.73    0.59    0.52    0.44    0.40    0.36
     AF=   20.00    0.90    0.87    0.36    0.74    0.61    0.54    0.47    0.42    0.39
     AF=   25.00    1.15    1.12    0.31    0.76    0.64    0.58    0.49    0.45    0.41
     AF=   30.00    1.40    1.36    0.29    0.79    0.67    0.62    0.52    0.48    0.45
     AF=   35.00    1.79    1.75    0.34    0.83    0.71    0.67    0.58    0.54    0.53
     AF=   40.00    2.02    1.93    0.27    0.87    0.75    0.72    0.62    0.60    0.59


           2 :CA(OFF)
   MACH=    0.00    0.20    0.50    0.80    1.20    1.50    2.00    2.50    3.00    3.50
     AF=    0.00    0.29    0.29    0.33    0.72    0.59    0.50    0.43    0.38    0.32
     AF=    2.00    0.29    0.30    0.34    0.73    0.60    0.50    0.43    0.38    0.32
     AF=    5.00    0.34    0.34    0.37    0.74    0.61    0.51    0.44    0.38    0.35
     AF=   10.00    0.49    0.49    0.43    0.77    0.63    0.52    0.45    0.40    0.36
     AF=   15.00    0.69    0.68    0.44    0.79    0.64    0.56    0.48    0.42    0.38
     AF=   20.00    0.92    0.90    0.39    0.80    0.66    0.59    0.50    0.45    0.41
     AF=   25.00    1.17    1.14    0.34    0.82    0.68    0.63    0.52    0.48    0.44
     AF=   30.00    1.42    1.38    0.32    0.84    0.71    0.67    0.56    0.50    0.47
     AF=   35.00    1.81    1.78    0.36    0.88    0.75    0.73    0.61    0.57    0.55
     AF=   40.00    2.04    1.96    0.30    0.92    0.79    0.77    0.66    0.62    0.61


           3 :CN
   MACH=    0.00    0.20    0.50    0.80    1.20    1.50    2.00    2.50    3.00    3.50
     AF=    0.00    0.00    0.00    0.00    0.00    0.00    0.00    0.00    0.00    0.00
     AF=    2.00    0.67    0.69    0.69    0.62    0.53    0.50    0.44    0.39    0.35
     AF=    5.00    2.50    2.43    1.75    1.69    1.42    1.34    1.11    0.99    0.89
     AF=   10.00    5.67    5.47    3.14    3.49    3.14    3.07    2.57    2.18    1.98
     AF=   15.00    8.79    8.06    3.65    5.65    5.36    5.06    4.23    3.90    3.41
     AF=   20.00   12.19   11.08    4.29    8.25    7.83    7.82    6.31    5.89    5.30
     AF=   25.00   15.84   14.33    5.39   10.71   11.05   10.75    8.64    8.05    7.54
     AF=   30.00   19.76   17.87    7.09   13.62   14.77   13.99   11.14   10.52   10.08
     AF=   35.00   25.15   22.98   10.62   18.48   20.01   18.68   14.69   14.18   13.46
     AF=   40.00   26.00   26.46   13.03   25.67   23.66   22.36   17.64   17.21   16.83


           4 :XCP
   MACH=    0.00    0.20    0.50    0.80    1.20    1.50    2.00    2.50    3.00    3.50
     AF=    0.00    9.75    9.84   10.09    9.64    8.59    7.83    7.47    7.25    6.99
     AF=    2.00   10.04   10.06   10.15    8.71    7.84    7.25    7.12    7.18    7.29
     AF=    5.00   10.51   10.45    9.73    8.54    8.39    7.94    7.79    7.72    7.49
     AF=   10.00   10.29   10.19    9.20    8.39    8.32    7.93    7.67    7.31    7.02
     AF=   15.00    9.98   10.19    7.59    8.02    8.16    7.79    7.49    7.39    7.18
     AF=   20.00    0.73    9.59    6.11    7.55    7.83    7.82    7.58    7.54    7.43
     AF=   25.00    9.55    9.75    5.26    7.14    7.74    7.96    7.71    7.66    7.60
     AF=   30.00    9.41    9.59    5.04    6.84    7.81    8.06    7.83    7.78    7.70
     AF=   35.00    9.48    9.64    6.27    7.24    8.24    8.30    8.09    8.06    7.90
     AF=   40.00    9.72    9.52    6.32    8.03    8.32    8.28    8.08    8.09    8.07


           5 :CLFI
   MACH=    0.00    0.20    0.50    0.80    1.20    1.50    2.00    2.50    3.00    3.50
     AF=    0.00    0.00    0.00    0.00    0.00    0.00    0.00    0.00    0.00    0.00
     AF=    2.00    0.00    0.00    0.00    0.00    0.00    0.00    0.00    0.00    0.00
     AF=    5.00    0.00    0.00    0.00    0.00    0.00    0.00    0.00    0.00    0.00
     AF=   10.00   -0.03   -0.03   -0.04   -0.03   -0.02   -0.01   -0.01   -0.01   -0.01
     AF=   15.00   -0.12   -0.13   -0.15   -0.15   -0.11   -0.09   -0.08   -0.07   -0.06
     AF=   20.00   -0.22   -0.23   -0.27   -0.29   -0.22   -0.16   -0.13   -0.11   -0.10
     AF=   25.00   -0.33   -0.35   -0.40   -0.46   -0.31   -0.22   -0.18   -0.15   -0.13
     AF=   30.00   -0.42   -0.44   -0.50   -0.62   -0.40   -0.28   -0.22   -0.18   -0.16
     AF=   35.00    0.05    0.05    0.05    0.02    0.00    0.00    0.00    0.00    0.00
     AF=   40.00    0.04    0.04    0.04   -0.08   -0.08   -0.07   -0.05   -0.03   -0.02


           6 :CHMAL
   MACH=    0.00    0.20    0.50    0.80    1.20    1.50    2.00    2.50    3.00    3.50
     AF=    0.00    0.00    0.00    0.00    0.00    0.00    0.00    0.00    0.00    0.00
     AF=    2.00    0.01    0.01    0.01    0.00    0.00    0.00    0.00    0.00    0.00
     AF=    5.00    0.05    0.05    0.03    0.00    0.00    0.00    0.00    0.00    0.00
     AF=   10.00    0.11    0.11    0.04    0.00    0.00    0.00    0.00    0.00    0.00
     AF=   15.00    0.16    0.15    0.00    0.00    0.00    0.00    0.00    0.00    0.00
     AF=   20.00    0.20    0.18   -0.03    0.00    0.00    0.00    0.00    0.00    0.00
     AF=   25.00    0.23    0.21   -0.08    0.00    0.00    0.00    0.00    0.00    0.00
     AF=   30.00    0.28    0.25   -0.11    0.01    0.00    0.00    0.00    0.00    0.00
     AF=   35.00    0.43    0.41    0.00    0.00   -0.02   -0.01   -0.01   -0.02   -0.02
     AF=   40.00    0.48    0.46    0.00   -0.02   -0.02   -0.02   -0.02   -0.02   -0.02


           7 :CHMAW
   MACH=    0.00    0.20    0.50    0.80    1.20    1.50    2.00    2.50    3.00    3.50
     AF=    0.00    0.00    0.00    0.00    0.00    0.00    0.00    0.00    0.00    0.00
     AF=    2.00    0.01    0.01    0.01    0.00    0.00    0.00    0.00    0.00    0.00
     AF=    5.00    0.05    0.05    0.03    0.00    0.00    0.00    0.00    0.00    0.00
     AF=   10.00    0.13    0.12    0.06    0.00    0.00    0.00    0.00    0.00    0.00
     AF=   15.00    0.19    0.18    0.05   -0.01   -0.01    0.00    0.00    0.00    0.00
     AF=   20.00    0.26    0.24    0.03   -0.01   -0.01   -0.01   -0.01    0.00    0.00
     AF=   25.00    0.32    0.31    0.02   -0.02   -0.02   -0.01   -0.01   -0.01   -0.01
     AF=   30.00    0.38    0.37    0.02   -0.02   -0.02   -0.02   -0.02   -0.01   -0.01
     AF=   35.00    0.46    0.44    0.03   -0.03   -0.03   -0.03   -0.02   -0.02   -0.02
     AF=   40.00    0.51    0.49    0.02   -0.03   -0.04   -0.03   -0.03   -0.03   -0.03


           8 :CNFAL
   MACH=    0.00    0.20    0.50    0.80    1.20    1.50    2.00    2.50    3.00    3.50
     AF=    0.00    0.00    0.00    0.00    0.00    0.00    0.00    0.00    0.00    0.00
     AF=    2.00    0.11    0.11    0.12    0.06    0.03    0.01    0.01    0.01    0.01
     AF=    5.00    0.47    0.45    0.27    0.16    0.08    0.04    0.04    0.04    0.04
     AF=   10.00    0.97    0.91    0.35    0.20    0.08    0.03    0.04    0.04    0.04
     AF=   15.00    1.33    1.24    0.06    0.13    0.02    0.00    0.01    0.01    0.04
     AF=   20.00    1.65    1.53   -0.30   -0.04   -0.07    0.00   -0.02   -0.02    0.03
     AF=   25.00    1.96    1.80   -0.66   -0.31   -0.17   -0.11   -0.04   -0.04    0.03
     AF=   30.00    2.31    2.12   -0.93   -0.60   -0.21   -0.13   -0.02   -0.02    0.07
     AF=   35.00    3.60    3.43    0.00    0.32    0.68    0.46    0.46    0.46    0.47
     AF=   40.00    3.99    3.81   -0.06    1.28    0.75    0.51    0.53    0.53    0.61


           9 :CNFAW
   MACH=    0.00    0.20    0.50    0.80    1.20    1.50    2.00    2.50    3.00    3.50
     AF=    0.00    0.00    0.00    0.00    0.00    0.00    0.00    0.00    0.00    0.00
     AF=    2.00    0.12    0.11    0.12    0.07    0.03    0.02    0.01    0.01    0.01
     AF=    5.00    0.49    0.47    0.29    0.19    0.10    0.06    0.05    0.05    0.05
     AF=   10.00    1.09    1.03    0.50    0.41    0.23    0.14    0.11    0.10    0.09
     AF=   15.00    1.62    1.54    0.42    0.62    0.38    0.22    0.17    0.16    0.14
     AF=   20.00    2.15    2.05    0.30    0.81    0.50    0.32    0.26    0.23    0.21
     AF=   25.00    2.68    2.56    0.21    0.86    0.64    0.44    0.36    0.32    0.30
     AF=   30.00    3.21    3.06    0.15    0.85    0.81    0.57    0.50    0.44    0.40
     AF=   35.00    3.81    3.65    0.23    0.83    1.10    0.77    0.67    0.64    0.58
     AF=   40.00    4.28    4.11    0.22    1.92    1.27    0.91    0.81    0.78    0.74


   RL(M)=      0.34300000
 RA(M^2)=      0.09240131
 ALT(KM)=      0.00000000
      RE=      0.6500E+08


  1   MACH=    0.20    0.50    0.80    1.20    1.50    2.00    2.50    3.00    3.50
  2    CNQ=   81.63   87.67  105.78  116.81   61.02   29.40   15.50    7.80    1.20
  3    CMQ= -628.00 -661.00 -761.00 -999.00 -692.00 -506.00 -417.00 -362.00 -330.00
  4    CLP=  -19.96  -20.96  -23.00  -29.00  -21.90  -16.00  -13.00  -11.40   -9.50
  5    CND=   10.44   11.03   12.80   13.80    8.60    5.40    4.00    3.20    2.70
  6   XCPD=   12.38   12.38   12.30   12.50   12.56   12.50   12.50   12.50   12.50
  7   CLDP=   10.30   10.90   12.70   15.00   10.00    6.70    5.10    4.20    3.60
  8   CHMD=    0.30    0.30    0.40   -0.07   -0.08   -0.07    0.00   -0.04   -0.03
  9   CNFD=    2.70    2.80    3.30    3.90    2.60    1.73    1.32    1.08    0.92
 10  XCPFD=   12.00   12.30   12.30   12.50   12.54   12.54   12.50   12.54   12.50
 11   CND2=    0.39    0.25   -0.15   -0.06    4.00    5.40    5.00    4.46    3.70
 12  XCPD2=  -30.00  -52.00  124.00  436.00    3.56    5.18    5.57    5.96    6.20
 13  CLDP2=   -1.62   -1.80   -2.38   -4.11    0.38    1.72    1.88    1.92    1.78
